9.886534810066223145e-01 7.000000000000000000e+00 1.000000000000000000e+01
9.880077838897705078e-01 1.000000000000000000e+00 7.000000000000000000e+00
9.863022565841674805e-01 2.000000000000000000e+00 7.000000000000000000e+00
9.852870702743530273e-01 1.000000000000000000e+00 2.000000000000000000e+00
9.826333522796630859e-01 2.000000000000000000e+00 1.000000000000000000e+01
9.816483259201049805e-01 1.000000000000000000e+00 1.000000000000000000e+01
9.806094169616699219e-01 0.000000000000000000e+00 2.000000000000000000e+00
9.746806025505065918e-01 2.000000000000000000e+00 4.000000000000000000e+00
9.726984500885009766e-01 0.000000000000000000e+00 1.000000000000000000e+00
9.713117480278015137e-01 4.000000000000000000e+00 1.000000000000000000e+01
9.708404541015625000e-01 0.000000000000000000e+00 7.000000000000000000e+00
9.689239263534545898e-01 4.000000000000000000e+00 7.000000000000000000e+00
9.648142457008361816e-01 0.000000000000000000e+00 1.000000000000000000e+01
9.627226591110229492e-01 1.000000000000000000e+00 4.000000000000000000e+00
9.615485668182373047e-01 6.000000000000000000e+00 9.000000000000000000e+00
9.592054486274719238e-01 9.000000000000000000e+00 1.000000000000000000e+01
9.587310552597045898e-01 7.000000000000000000e+00 9.000000000000000000e+00
9.579452276229858398e-01 1.300000000000000000e+01 1.700000000000000000e+01
9.577671885490417480e-01 2.000000000000000000e+00 9.000000000000000000e+00
9.570978879928588867e-01 1.000000000000000000e+01 1.200000000000000000e+01
9.567314982414245605e-01 4.000000000000000000e+00 9.000000000000000000e+00
9.553505778312683105e-01 0.000000000000000000e+00 4.000000000000000000e+00
9.542757272720336914e-01 6.000000000000000000e+00 1.000000000000000000e+01
9.538835287094116211e-01 7.000000000000000000e+00 1.200000000000000000e+01
9.522078037261962891e-01 1.000000000000000000e+01 1.600000000000000000e+01
9.517191648483276367e-01 1.000000000000000000e+00 9.000000000000000000e+00
9.513477683067321777e-01 4.000000000000000000e+00 6.000000000000000000e+00
9.511613845825195312e-01 7.000000000000000000e+00 1.600000000000000000e+01
9.510394334793090820e-01 6.000000000000000000e+00 7.000000000000000000e+00
9.501917362213134766e-01 1.300000000000000000e+01 1.600000000000000000e+01
9.500101804733276367e-01 2.000000000000000000e+00 1.200000000000000000e+01
9.489764571189880371e-01 6.000000000000000000e+00 1.200000000000000000e+01
9.486551284790039062e-01 2.000000000000000000e+00 6.000000000000000000e+00
9.480394124984741211e-01 3.000000000000000000e+00 1.500000000000000000e+01
9.469288587570190430e-01 2.000000000000000000e+00 1.600000000000000000e+01
9.442762732505798340e-01 1.000000000000000000e+00 1.600000000000000000e+01
9.437420964241027832e-01 4.000000000000000000e+00 1.200000000000000000e+01
9.409277439117431641e-01 1.000000000000000000e+00 1.200000000000000000e+01
9.408664703369140625e-01 4.000000000000000000e+00 1.300000000000000000e+01
9.391908049583435059e-01 9.000000000000000000e+00 1.200000000000000000e+01
9.383227825164794922e-01 4.000000000000000000e+00 1.600000000000000000e+01
9.382845163345336914e-01 9.000000000000000000e+00 1.600000000000000000e+01
9.381449818611145020e-01 1.000000000000000000e+00 6.000000000000000000e+00
9.350999593734741211e-01 1.600000000000000000e+01 1.700000000000000000e+01
9.334567189216613770e-01 6.000000000000000000e+00 1.600000000000000000e+01
9.325359463691711426e-01 3.000000000000000000e+00 1.800000000000000000e+01
9.320301413536071777e-01 4.000000000000000000e+00 1.700000000000000000e+01
9.315177202224731445e-01 9.000000000000000000e+00 1.300000000000000000e+01
9.293251037597656250e-01 1.500000000000000000e+01 1.800000000000000000e+01
9.283568859100341797e-01 0.000000000000000000e+00 9.000000000000000000e+00
9.283304810523986816e-01 2.000000000000000000e+00 1.300000000000000000e+01
9.271869659423828125e-01 1.200000000000000000e+01 1.600000000000000000e+01
9.260504245758056641e-01 1.200000000000000000e+01 1.300000000000000000e+01
9.254426360130310059e-01 1.000000000000000000e+01 1.100000000000000000e+01
9.245175123214721680e-01 0.000000000000000000e+00 6.000000000000000000e+00
9.242417812347412109e-01 1.000000000000000000e+01 1.300000000000000000e+01
9.240688681602478027e-01 9.000000000000000000e+00 1.100000000000000000e+01
9.228940010070800781e-01 1.100000000000000000e+01 1.200000000000000000e+01
9.224950075149536133e-01 0.000000000000000000e+00 1.600000000000000000e+01
9.223673343658447266e-01 2.000000000000000000e+00 1.100000000000000000e+01
9.223219156265258789e-01 7.000000000000000000e+00 1.100000000000000000e+01
9.221585988998413086e-01 0.000000000000000000e+00 1.200000000000000000e+01
9.218820333480834961e-01 6.000000000000000000e+00 1.100000000000000000e+01
9.217759370803833008e-01 7.000000000000000000e+00 1.300000000000000000e+01
9.209901094436645508e-01 4.000000000000000000e+00 1.100000000000000000e+01
9.182850718498229980e-01 6.000000000000000000e+00 1.300000000000000000e+01
9.164509773254394531e-01 1.000000000000000000e+00 1.300000000000000000e+01
9.115355610847473145e-01 0.000000000000000000e+00 1.100000000000000000e+01
9.103914499282836914e-01 9.000000000000000000e+00 1.700000000000000000e+01
9.098530411720275879e-01 1.100000000000000000e+01 1.600000000000000000e+01
9.087914228439331055e-01 2.000000000000000000e+00 1.700000000000000000e+01
9.084710478782653809e-01 1.000000000000000000e+00 1.100000000000000000e+01
9.050276875495910645e-01 1.000000000000000000e+01 1.700000000000000000e+01
9.038564562797546387e-01 0.000000000000000000e+00 1.300000000000000000e+01
8.986773490905761719e-01 7.000000000000000000e+00 1.700000000000000000e+01
8.969789743423461914e-01 1.100000000000000000e+01 1.300000000000000000e+01
8.951661586761474609e-01 1.200000000000000000e+01 1.700000000000000000e+01
8.945799469947814941e-01 1.000000000000000000e+00 1.700000000000000000e+01
8.861884474754333496e-01 3.000000000000000000e+00 1.400000000000000000e+01
8.859096169471740723e-01 6.000000000000000000e+00 1.700000000000000000e+01
8.855799436569213867e-01 1.400000000000000000e+01 1.500000000000000000e+01
8.846094608306884766e-01 1.100000000000000000e+01 1.700000000000000000e+01
8.813714981079101562e-01 0.000000000000000000e+00 1.700000000000000000e+01
8.769334554672241211e-01 1.400000000000000000e+01 1.800000000000000000e+01
8.323745727539062500e-01 8.000000000000000000e+00 1.500000000000000000e+01
8.220868110656738281e-01 8.000000000000000000e+00 1.800000000000000000e+01
8.140634894371032715e-01 5.000000000000000000e+00 8.000000000000000000e+00
8.136437535285949707e-01 3.000000000000000000e+00 8.000000000000000000e+00
7.932140231132507324e-01 1.800000000000000000e+01 5.000000000000000000e+00
7.887483239173889160e-01 3.000000000000000000e+00 5.000000000000000000e+00
7.864218950271606445e-01 8.000000000000000000e+00 1.400000000000000000e+01
7.551540732383728027e-01 5.000000000000000000e+00 1.500000000000000000e+01
7.536186575889587402e-01 5.000000000000000000e+00 1.400000000000000000e+01
7.433526515960693359e-01 8.000000000000000000e+00 1.100000000000000000e+01
7.412761449813842773e-01 6.000000000000000000e+00 8.000000000000000000e+00
7.371618151664733887e-01 8.000000000000000000e+00 1.600000000000000000e+01
7.317193746566772461e-01 7.000000000000000000e+00 8.000000000000000000e+00
7.269062995910644531e-01 8.000000000000000000e+00 1.000000000000000000e+01
7.159940004348754883e-01 5.000000000000000000e+00 1.100000000000000000e+01
7.140083312988281250e-01 8.000000000000000000e+00 1.200000000000000000e+01
7.071812152862548828e-01 0.000000000000000000e+00 8.000000000000000000e+00
7.057562470436096191e-01 6.000000000000000000e+00 1.500000000000000000e+01
7.051715850830078125e-01 2.000000000000000000e+00 8.000000000000000000e+00
7.034645080566406250e-01 8.000000000000000000e+00 9.000000000000000000e+00
7.026301622390747070e-01 1.500000000000000000e+01 1.600000000000000000e+01
7.024942040443420410e-01 1.000000000000000000e+00 8.000000000000000000e+00
7.005047202110290527e-01 6.000000000000000000e+00 1.800000000000000000e+01
6.994740962982177734e-01 7.000000000000000000e+00 1.800000000000000000e+01
6.944758296012878418e-01 1.600000000000000000e+01 1.800000000000000000e+01
6.909918785095214844e-01 1.100000000000000000e+01 1.500000000000000000e+01
6.908873319625854492e-01 5.000000000000000000e+00 7.000000000000000000e+00
6.898326873779296875e-01 1.000000000000000000e+01 1.800000000000000000e+01
6.898094415664672852e-01 1.000000000000000000e+00 1.800000000000000000e+01
6.884896755218505859e-01 7.000000000000000000e+00 1.500000000000000000e+01
6.869465112686157227e-01 4.000000000000000000e+00 8.000000000000000000e+00
6.855074167251586914e-01 5.000000000000000000e+00 1.000000000000000000e+01
6.850243806838989258e-01 5.000000000000000000e+00 1.600000000000000000e+01
6.847818493843078613e-01 1.100000000000000000e+01 1.800000000000000000e+01
6.833196878433227539e-01 2.000000000000000000e+00 1.800000000000000000e+01
6.825674772262573242e-01 0.000000000000000000e+00 1.800000000000000000e+01
6.812036037445068359e-01 1.000000000000000000e+01 1.500000000000000000e+01
6.810986995697021484e-01 3.000000000000000000e+00 1.600000000000000000e+01
6.780412197113037109e-01 3.000000000000000000e+00 6.000000000000000000e+00
6.780036091804504395e-01 3.000000000000000000e+00 1.100000000000000000e+01
6.761375665664672852e-01 2.000000000000000000e+00 1.500000000000000000e+01
6.737216711044311523e-01 9.000000000000000000e+00 1.800000000000000000e+01
6.731131076812744141e-01 0.000000000000000000e+00 1.500000000000000000e+01
6.716758012771606445e-01 3.000000000000000000e+00 7.000000000000000000e+00
6.706964373588562012e-01 1.000000000000000000e+00 5.000000000000000000e+00
6.705784797668457031e-01 1.000000000000000000e+00 1.500000000000000000e+01
6.697124838829040527e-01 1.200000000000000000e+01 1.800000000000000000e+01
6.676515340805053711e-01 1.200000000000000000e+01 1.500000000000000000e+01
6.665649414062500000e-01 5.000000000000000000e+00 6.000000000000000000e+00
6.663073301315307617e-01 9.000000000000000000e+00 1.500000000000000000e+01
6.655537486076354980e-01 8.000000000000000000e+00 1.300000000000000000e+01
6.634378433227539062e-01 3.000000000000000000e+00 1.000000000000000000e+01
6.619433164596557617e-01 2.000000000000000000e+00 5.000000000000000000e+00
6.610521674156188965e-01 5.000000000000000000e+00 9.000000000000000000e+00
6.566480994224548340e-01 3.000000000000000000e+00 1.200000000000000000e+01
6.561133265495300293e-01 5.000000000000000000e+00 1.200000000000000000e+01
6.539125442504882812e-01 0.000000000000000000e+00 5.000000000000000000e+00
6.535536050796508789e-01 2.000000000000000000e+00 3.000000000000000000e+00
6.521749496459960938e-01 4.000000000000000000e+00 1.800000000000000000e+01
6.505997180938720703e-01 1.100000000000000000e+01 1.400000000000000000e+01
6.500020027160644531e-01 4.000000000000000000e+00 5.000000000000000000e+00
6.494640707969665527e-01 7.000000000000000000e+00 1.400000000000000000e+01
6.494274735450744629e-01 1.000000000000000000e+00 3.000000000000000000e+00
6.485251188278198242e-01 3.000000000000000000e+00 9.000000000000000000e+00
6.467177271842956543e-01 1.400000000000000000e+01 1.600000000000000000e+01
6.433554887771606445e-01 4.000000000000000000e+00 1.500000000000000000e+01
6.423383951187133789e-01 0.000000000000000000e+00 3.000000000000000000e+00
6.386755108833312988e-01 6.000000000000000000e+00 1.400000000000000000e+01
6.344352960586547852e-01 8.000000000000000000e+00 1.700000000000000000e+01
6.316348314285278320e-01 5.000000000000000000e+00 1.300000000000000000e+01
6.295986175537109375e-01 1.000000000000000000e+01 1.400000000000000000e+01
6.289433240890502930e-01 0.000000000000000000e+00 1.400000000000000000e+01
6.283853054046630859e-01 1.300000000000000000e+01 1.500000000000000000e+01
6.261632442474365234e-01 1.300000000000000000e+01 1.800000000000000000e+01
6.246264576911926270e-01 2.000000000000000000e+00 1.400000000000000000e+01
6.229431629180908203e-01 3.000000000000000000e+00 4.000000000000000000e+00
6.227067708969116211e-01 1.000000000000000000e+00 1.400000000000000000e+01
6.186568737030029297e-01 5.000000000000000000e+00 1.700000000000000000e+01
6.177972555160522461e-01 1.200000000000000000e+01 1.400000000000000000e+01
6.145055294036865234e-01 9.000000000000000000e+00 1.400000000000000000e+01
6.016863584518432617e-01 3.000000000000000000e+00 1.300000000000000000e+01
5.966927409172058105e-01 1.500000000000000000e+01 1.700000000000000000e+01
5.943555831909179688e-01 1.700000000000000000e+01 1.800000000000000000e+01
5.926949977874755859e-01 4.000000000000000000e+00 1.400000000000000000e+01
5.671083927154541016e-01 3.000000000000000000e+00 1.700000000000000000e+01
5.601636171340942383e-01 1.300000000000000000e+01 1.400000000000000000e+01
5.374193787574768066e-01 1.400000000000000000e+01 1.700000000000000000e+01
