9.977372884750366211e-01 6.000000000000000000e+00 1.300000000000000000e+01
9.970142841339111328e-01 7.000000000000000000e+00 1.300000000000000000e+01
9.965277910232543945e-01 9.000000000000000000e+00 1.700000000000000000e+01
9.964820146560668945e-01 1.400000000000000000e+01 1.800000000000000000e+01
9.964607954025268555e-01 8.000000000000000000e+00 1.300000000000000000e+01
9.964168071746826172e-01 1.000000000000000000e+01 2.400000000000000000e+01
9.959047436714172363e-01 7.000000000000000000e+00 8.000000000000000000e+00
9.957424402236938477e-01 1.400000000000000000e+01 1.700000000000000000e+01
9.957324266433715820e-01 6.000000000000000000e+00 8.000000000000000000e+00
9.956731200218200684e-01 9.000000000000000000e+00 2.100000000000000000e+01
9.955719709396362305e-01 0.000000000000000000e+00 1.600000000000000000e+01
9.953688383102416992e-01 2.000000000000000000e+00 7.000000000000000000e+00
9.951440095901489258e-01 6.000000000000000000e+00 7.000000000000000000e+00
9.950945973396301270e-01 1.100000000000000000e+01 1.600000000000000000e+01
9.949361085891723633e-01 2.500000000000000000e+01 1.600000000000000000e+01
9.947746992111206055e-01 1.100000000000000000e+01 1.900000000000000000e+01
9.947705864906311035e-01 1.700000000000000000e+01 1.800000000000000000e+01
9.947652816772460938e-01 2.200000000000000000e+01 2.400000000000000000e+01
9.947217106819152832e-01 2.500000000000000000e+01 1.500000000000000000e+01
9.946387410163879395e-01 1.900000000000000000e+01 2.500000000000000000e+01
9.945791959762573242e-01 2.000000000000000000e+00 1.300000000000000000e+01
9.940673708915710449e-01 2.400000000000000000e+01 2.000000000000000000e+01
9.940410852432250977e-01 2.000000000000000000e+00 8.000000000000000000e+00
9.937399625778198242e-01 1.000000000000000000e+01 2.200000000000000000e+01
9.936747550964355469e-01 1.400000000000000000e+01 2.000000000000000000e+01
9.934642314910888672e-01 2.000000000000000000e+01 2.200000000000000000e+01
9.934093356132507324e-01 3.000000000000000000e+00 5.000000000000000000e+00
9.933492541313171387e-01 2.000000000000000000e+00 6.000000000000000000e+00
9.931741952896118164e-01 7.000000000000000000e+00 1.400000000000000000e+01
9.931305646896362305e-01 2.400000000000000000e+01 1.800000000000000000e+01
9.930941462516784668e-01 1.500000000000000000e+01 1.900000000000000000e+01
9.928971529006958008e-01 9.000000000000000000e+00 1.400000000000000000e+01
9.928089380264282227e-01 9.000000000000000000e+00 1.800000000000000000e+01
9.927830696105957031e-01 1.000000000000000000e+00 1.200000000000000000e+01
9.926477670669555664e-01 7.000000000000000000e+00 2.000000000000000000e+01
9.922837615013122559e-01 7.000000000000000000e+00 1.800000000000000000e+01
9.920066595077514648e-01 1.800000000000000000e+01 2.300000000000000000e+01
9.918751716613769531e-01 1.600000000000000000e+01 1.900000000000000000e+01
9.916355013847351074e-01 2.500000000000000000e+01 1.100000000000000000e+01
9.916338324546813965e-01 2.000000000000000000e+00 1.400000000000000000e+01
9.916110634803771973e-01 1.000000000000000000e+00 1.100000000000000000e+01
9.914773702621459961e-01 1.800000000000000000e+01 2.000000000000000000e+01
9.910480976104736328e-01 2.000000000000000000e+00 1.800000000000000000e+01
9.910236597061157227e-01 0.000000000000000000e+00 1.100000000000000000e+01
9.910137653350830078e-01 1.000000000000000000e+01 2.300000000000000000e+01
9.908566474914550781e-01 2.300000000000000000e+01 2.400000000000000000e+01
9.908188581466674805e-01 0.000000000000000000e+00 2.500000000000000000e+01
9.908052682876586914e-01 7.000000000000000000e+00 1.700000000000000000e+01
9.907774329185485840e-01 2.000000000000000000e+00 2.000000000000000000e+01
9.905625581741333008e-01 7.000000000000000000e+00 9.000000000000000000e+00
9.905601739883422852e-01 2.400000000000000000e+01 1.400000000000000000e+01
9.905103445053100586e-01 1.300000000000000000e+01 1.800000000000000000e+01
9.904501438140869141e-01 1.500000000000000000e+01 1.600000000000000000e+01
9.901953935623168945e-01 6.000000000000000000e+00 2.000000000000000000e+01
9.898545742034912109e-01 1.000000000000000000e+01 2.000000000000000000e+01
9.897990226745605469e-01 1.100000000000000000e+01 1.200000000000000000e+01
9.897850751876831055e-01 1.300000000000000000e+01 1.400000000000000000e+01
9.897497296333312988e-01 1.000000000000000000e+00 1.600000000000000000e+01
9.897494316101074219e-01 1.300000000000000000e+01 2.000000000000000000e+01
9.896827936172485352e-01 1.700000000000000000e+01 2.100000000000000000e+01
9.896751046180725098e-01 6.000000000000000000e+00 1.400000000000000000e+01
9.895386099815368652e-01 6.000000000000000000e+00 1.800000000000000000e+01
9.894317388534545898e-01 1.000000000000000000e+01 1.800000000000000000e+01
9.893279671669006348e-01 1.200000000000000000e+01 1.600000000000000000e+01
9.892439842224121094e-01 2.400000000000000000e+01 7.000000000000000000e+00
9.891378879547119141e-01 1.800000000000000000e+01 2.200000000000000000e+01
9.890763759613037109e-01 0.000000000000000000e+00 1.000000000000000000e+00
9.890574216842651367e-01 1.800000000000000000e+01 2.100000000000000000e+01
9.890292286872863770e-01 1.400000000000000000e+01 2.300000000000000000e+01
9.889139533042907715e-01 2.000000000000000000e+00 2.200000000000000000e+01
9.888485670089721680e-01 2.000000000000000000e+00 2.100000000000000000e+01
9.888263940811157227e-01 7.000000000000000000e+00 2.100000000000000000e+01
9.888222217559814453e-01 0.000000000000000000e+00 1.200000000000000000e+01
9.887395501136779785e-01 2.400000000000000000e+01 2.000000000000000000e+00
9.885208606719970703e-01 1.400000000000000000e+01 2.200000000000000000e+01
9.884471297264099121e-01 8.000000000000000000e+00 2.000000000000000000e+01
9.882415533065795898e-01 1.000000000000000000e+01 2.100000000000000000e+01
9.880853891372680664e-01 1.700000000000000000e+01 2.000000000000000000e+01
9.880486726760864258e-01 2.000000000000000000e+00 9.000000000000000000e+00
9.879827499389648438e-01 2.400000000000000000e+01 2.100000000000000000e+01
9.879489541053771973e-01 9.000000000000000000e+00 2.400000000000000000e+01
9.876754879951477051e-01 1.400000000000000000e+01 2.100000000000000000e+01
9.874545335769653320e-01 8.000000000000000000e+00 2.100000000000000000e+01
9.874171018600463867e-01 6.000000000000000000e+00 2.200000000000000000e+01
9.873228073120117188e-01 1.700000000000000000e+01 2.300000000000000000e+01
9.873023033142089844e-01 2.400000000000000000e+01 1.700000000000000000e+01
9.873015284538269043e-01 1.000000000000000000e+01 1.400000000000000000e+01
9.872132539749145508e-01 2.400000000000000000e+01 1.300000000000000000e+01
9.871653318405151367e-01 1.300000000000000000e+01 1.700000000000000000e+01
9.871340990066528320e-01 8.000000000000000000e+00 1.800000000000000000e+01
9.871278405189514160e-01 2.000000000000000000e+00 1.700000000000000000e+01
9.870311617851257324e-01 9.000000000000000000e+00 1.300000000000000000e+01
9.870302677154541016e-01 8.000000000000000000e+00 1.400000000000000000e+01
9.870253801345825195e-01 2.400000000000000000e+01 8.000000000000000000e+00
9.869670867919921875e-01 7.000000000000000000e+00 2.200000000000000000e+01
9.868922233581542969e-01 1.100000000000000000e+01 1.500000000000000000e+01
9.866918325424194336e-01 1.300000000000000000e+01 2.200000000000000000e+01
9.866819381713867188e-01 9.000000000000000000e+00 1.000000000000000000e+01
9.865435957908630371e-01 2.000000000000000000e+01 2.300000000000000000e+01
9.862703084945678711e-01 2.000000000000000000e+00 1.000000000000000000e+01
9.862241148948669434e-01 9.000000000000000000e+00 2.000000000000000000e+01
9.861924052238464355e-01 8.000000000000000000e+00 9.000000000000000000e+00
9.860914945602416992e-01 8.000000000000000000e+00 2.200000000000000000e+01
9.860877394676208496e-01 2.200000000000000000e+01 2.300000000000000000e+01
9.860351085662841797e-01 0.000000000000000000e+00 1.900000000000000000e+01
9.860343933105468750e-01 6.000000000000000000e+00 2.400000000000000000e+01
9.856480360031127930e-01 1.200000000000000000e+01 1.900000000000000000e+01
9.855396747589111328e-01 1.300000000000000000e+01 2.100000000000000000e+01
9.853034019470214844e-01 9.000000000000000000e+00 2.300000000000000000e+01
9.851168990135192871e-01 1.000000000000000000e+01 1.700000000000000000e+01
9.847423434257507324e-01 6.000000000000000000e+00 1.700000000000000000e+01
9.845600128173828125e-01 3.000000000000000000e+00 1.200000000000000000e+01
9.844341278076171875e-01 1.200000000000000000e+01 1.500000000000000000e+01
9.844321012496948242e-01 4.000000000000000000e+00 2.300000000000000000e+01
9.843512177467346191e-01 2.500000000000000000e+01 1.200000000000000000e+01
9.842305183410644531e-01 2.000000000000000000e+01 2.100000000000000000e+01
9.842174053192138672e-01 7.000000000000000000e+00 1.000000000000000000e+01
9.841284751892089844e-01 6.000000000000000000e+00 9.000000000000000000e+00
9.840742349624633789e-01 0.000000000000000000e+00 1.500000000000000000e+01
9.838582873344421387e-01 2.000000000000000000e+00 2.300000000000000000e+01
9.830887317657470703e-01 8.000000000000000000e+00 1.700000000000000000e+01
9.828974604606628418e-01 8.000000000000000000e+00 1.000000000000000000e+01
9.826678037643432617e-01 2.100000000000000000e+01 2.300000000000000000e+01
9.825780391693115234e-01 1.700000000000000000e+01 2.200000000000000000e+01
9.825707077980041504e-01 1.000000000000000000e+00 1.900000000000000000e+01
9.821311235427856445e-01 4.000000000000000000e+00 1.000000000000000000e+01
9.819962382316589355e-01 6.000000000000000000e+00 2.100000000000000000e+01
9.819729328155517578e-01 3.000000000000000000e+00 2.100000000000000000e+01
9.819014668464660645e-01 9.000000000000000000e+00 2.200000000000000000e+01
9.817864894866943359e-01 5.000000000000000000e+00 1.200000000000000000e+01
9.816231131553649902e-01 1.000000000000000000e+01 1.300000000000000000e+01
9.809958934783935547e-01 7.000000000000000000e+00 2.300000000000000000e+01
9.808101654052734375e-01 6.000000000000000000e+00 1.000000000000000000e+01
9.807971715927124023e-01 1.000000000000000000e+00 3.000000000000000000e+00
9.806119203567504883e-01 2.100000000000000000e+01 2.200000000000000000e+01
9.799100160598754883e-01 1.000000000000000000e+00 5.000000000000000000e+00
9.792559146881103516e-01 1.000000000000000000e+00 2.500000000000000000e+01
9.791460037231445312e-01 4.000000000000000000e+00 2.400000000000000000e+01
9.787881374359130859e-01 2.000000000000000000e+00 3.000000000000000000e+00
9.787594079971313477e-01 1.300000000000000000e+01 2.300000000000000000e+01
9.787172079086303711e-01 3.000000000000000000e+00 1.000000000000000000e+01
9.786008596420288086e-01 4.000000000000000000e+00 1.700000000000000000e+01
9.785650968551635742e-01 3.000000000000000000e+00 4.000000000000000000e+00
9.785639643669128418e-01 0.000000000000000000e+00 3.000000000000000000e+00
9.776663780212402344e-01 3.000000000000000000e+00 1.600000000000000000e+01
9.776014089584350586e-01 4.000000000000000000e+00 1.800000000000000000e+01
9.775003194808959961e-01 1.000000000000000000e+00 1.500000000000000000e+01
9.771203994750976562e-01 4.000000000000000000e+00 1.400000000000000000e+01
9.770655632019042969e-01 6.000000000000000000e+00 2.300000000000000000e+01
9.765154719352722168e-01 4.000000000000000000e+00 2.100000000000000000e+01
9.763867855072021484e-01 2.000000000000000000e+00 4.000000000000000000e+00
9.763494729995727539e-01 4.000000000000000000e+00 2.000000000000000000e+01
9.762744903564453125e-01 4.000000000000000000e+00 9.000000000000000000e+00
9.757090806961059570e-01 0.000000000000000000e+00 8.000000000000000000e+00
9.753351807594299316e-01 3.000000000000000000e+00 1.500000000000000000e+01
9.753229618072509766e-01 0.000000000000000000e+00 2.000000000000000000e+00
9.751394987106323242e-01 3.000000000000000000e+00 9.000000000000000000e+00
9.750781059265136719e-01 3.000000000000000000e+00 2.400000000000000000e+01
9.750101566314697266e-01 4.000000000000000000e+00 2.200000000000000000e+01
9.747588038444519043e-01 8.000000000000000000e+00 2.300000000000000000e+01
9.738990068435668945e-01 3.000000000000000000e+00 2.300000000000000000e+01
9.733719825744628906e-01 5.000000000000000000e+00 1.500000000000000000e+01
9.731444120407104492e-01 3.000000000000000000e+00 1.100000000000000000e+01
9.725277423858642578e-01 0.000000000000000000e+00 2.200000000000000000e+01
9.724689722061157227e-01 5.000000000000000000e+00 1.100000000000000000e+01
9.723835587501525879e-01 2.500000000000000000e+01 3.000000000000000000e+00
9.719773530960083008e-01 5.000000000000000000e+00 1.600000000000000000e+01
9.718207120895385742e-01 3.000000000000000000e+00 8.000000000000000000e+00
9.717078804969787598e-01 4.000000000000000000e+00 7.000000000000000000e+00
9.714531302452087402e-01 3.000000000000000000e+00 1.700000000000000000e+01
9.714111685752868652e-01 2.400000000000000000e+01 0.000000000000000000e+00
9.709954261779785156e-01 3.000000000000000000e+00 7.000000000000000000e+00
9.706876873970031738e-01 0.000000000000000000e+00 1.000000000000000000e+01
9.704862833023071289e-01 3.000000000000000000e+00 1.800000000000000000e+01
9.703136682510375977e-01 3.000000000000000000e+00 2.200000000000000000e+01
9.700088500976562500e-01 0.000000000000000000e+00 7.000000000000000000e+00
9.697780609130859375e-01 0.000000000000000000e+00 1.300000000000000000e+01
9.696484804153442383e-01 3.000000000000000000e+00 1.400000000000000000e+01
9.695290923118591309e-01 3.000000000000000000e+00 2.000000000000000000e+01
9.693629741668701172e-01 5.000000000000000000e+00 1.900000000000000000e+01
9.692513942718505859e-01 2.000000000000000000e+00 1.200000000000000000e+01
9.689422249794006348e-01 5.000000000000000000e+00 2.100000000000000000e+01
9.687377214431762695e-01 0.000000000000000000e+00 2.000000000000000000e+01
9.683767557144165039e-01 1.000000000000000000e+01 1.200000000000000000e+01
9.681917428970336914e-01 3.000000000000000000e+00 1.300000000000000000e+01
9.679805636405944824e-01 3.000000000000000000e+00 1.900000000000000000e+01
9.678730964660644531e-01 0.000000000000000000e+00 5.000000000000000000e+00
9.672813415527343750e-01 1.200000000000000000e+01 2.100000000000000000e+01
9.670385122299194336e-01 0.000000000000000000e+00 2.100000000000000000e+01
9.670339226722717285e-01 2.000000000000000000e+00 1.600000000000000000e+01
9.668462872505187988e-01 4.000000000000000000e+00 1.300000000000000000e+01
9.662506580352783203e-01 0.000000000000000000e+00 6.000000000000000000e+00
9.660009145736694336e-01 8.000000000000000000e+00 1.200000000000000000e+01
9.654289484024047852e-01 4.000000000000000000e+00 1.500000000000000000e+01
9.652905464172363281e-01 5.000000000000000000e+00 2.500000000000000000e+01
9.648300409317016602e-01 1.200000000000000000e+01 2.400000000000000000e+01
9.643902778625488281e-01 2.500000000000000000e+01 2.000000000000000000e+00
9.642367959022521973e-01 4.000000000000000000e+00 1.200000000000000000e+01
9.637567400932312012e-01 4.000000000000000000e+00 5.000000000000000000e+00
9.637560248374938965e-01 8.000000000000000000e+00 1.600000000000000000e+01
9.627038836479187012e-01 1.200000000000000000e+01 2.200000000000000000e+01
9.625322222709655762e-01 3.000000000000000000e+00 6.000000000000000000e+00
9.624549150466918945e-01 4.000000000000000000e+00 8.000000000000000000e+00
9.623074531555175781e-01 1.000000000000000000e+01 1.600000000000000000e+01
9.621207118034362793e-01 0.000000000000000000e+00 4.000000000000000000e+00
9.619856476783752441e-01 1.000000000000000000e+00 2.100000000000000000e+01
9.614905118942260742e-01 1.000000000000000000e+00 8.000000000000000000e+00
9.614373445510864258e-01 2.000000000000000000e+00 1.500000000000000000e+01
9.613029360771179199e-01 1.600000000000000000e+01 2.200000000000000000e+01
9.612982869148254395e-01 5.000000000000000000e+00 1.000000000000000000e+01
9.610407352447509766e-01 4.000000000000000000e+00 6.000000000000000000e+00
9.609481692314147949e-01 1.200000000000000000e+01 2.000000000000000000e+01
9.609429240226745605e-01 1.000000000000000000e+00 1.000000000000000000e+01
9.608837366104125977e-01 7.000000000000000000e+00 1.200000000000000000e+01
9.608802795410156250e-01 1.000000000000000000e+01 1.500000000000000000e+01
9.604557752609252930e-01 2.000000000000000000e+00 5.000000000000000000e+00
9.604512453079223633e-01 1.000000000000000000e+00 2.000000000000000000e+00
9.603644609451293945e-01 2.200000000000000000e+01 2.500000000000000000e+01
9.603525400161743164e-01 1.600000000000000000e+01 2.400000000000000000e+01
9.601910114288330078e-01 1.600000000000000000e+01 2.100000000000000000e+01
9.593026041984558105e-01 0.000000000000000000e+00 1.800000000000000000e+01
9.589318633079528809e-01 1.000000000000000000e+01 2.500000000000000000e+01
9.588876962661743164e-01 1.200000000000000000e+01 1.300000000000000000e+01
9.582273960113525391e-01 0.000000000000000000e+00 9.000000000000000000e+00
9.579764008522033691e-01 5.000000000000000000e+00 9.000000000000000000e+00
9.577866196632385254e-01 2.500000000000000000e+01 8.000000000000000000e+00
9.577344059944152832e-01 4.000000000000000000e+00 1.600000000000000000e+01
9.576768875122070312e-01 0.000000000000000000e+00 1.400000000000000000e+01
9.574528932571411133e-01 4.000000000000000000e+00 2.500000000000000000e+01
9.572337865829467773e-01 7.000000000000000000e+00 1.600000000000000000e+01
9.569222927093505859e-01 2.400000000000000000e+01 2.500000000000000000e+01
9.568852782249450684e-01 1.600000000000000000e+01 2.000000000000000000e+01
9.567117691040039062e-01 1.000000000000000000e+00 2.400000000000000000e+01
9.565957188606262207e-01 1.500000000000000000e+01 2.200000000000000000e+01
9.564461708068847656e-01 9.000000000000000000e+00 1.200000000000000000e+01
9.563930034637451172e-01 1.500000000000000000e+01 2.100000000000000000e+01
9.562671780586242676e-01 0.000000000000000000e+00 2.300000000000000000e+01
9.561968445777893066e-01 1.500000000000000000e+01 2.400000000000000000e+01
9.554489254951477051e-01 1.300000000000000000e+01 1.600000000000000000e+01
9.553806781768798828e-01 2.000000000000000000e+00 1.100000000000000000e+01
9.548707604408264160e-01 6.000000000000000000e+00 1.200000000000000000e+01
9.544390439987182617e-01 1.000000000000000000e+00 7.000000000000000000e+00
9.543581604957580566e-01 0.000000000000000000e+00 1.700000000000000000e+01
9.542715549468994141e-01 8.000000000000000000e+00 1.100000000000000000e+01
9.542121887207031250e-01 1.000000000000000000e+00 4.000000000000000000e+00
9.540131092071533203e-01 2.400000000000000000e+01 5.000000000000000000e+00
9.537357687950134277e-01 2.000000000000000000e+01 2.500000000000000000e+01
9.535745978355407715e-01 1.200000000000000000e+01 2.300000000000000000e+01
9.531968235969543457e-01 1.000000000000000000e+00 2.200000000000000000e+01
9.531472921371459961e-01 1.000000000000000000e+01 1.100000000000000000e+01
9.530841112136840820e-01 2.500000000000000000e+01 2.100000000000000000e+01
9.529422521591186523e-01 7.000000000000000000e+00 2.500000000000000000e+01
9.528318047523498535e-01 1.200000000000000000e+01 1.800000000000000000e+01
9.525983333587646484e-01 5.000000000000000000e+00 8.000000000000000000e+00
9.525086879730224609e-01 1.000000000000000000e+00 2.000000000000000000e+01
9.520069360733032227e-01 2.000000000000000000e+00 1.900000000000000000e+01
9.519224166870117188e-01 5.000000000000000000e+00 1.700000000000000000e+01
9.518746137619018555e-01 5.000000000000000000e+00 2.300000000000000000e+01
9.517481923103332520e-01 6.000000000000000000e+00 1.600000000000000000e+01
9.513230323791503906e-01 2.500000000000000000e+01 1.300000000000000000e+01
9.512560367584228516e-01 1.200000000000000000e+01 1.700000000000000000e+01
9.510014057159423828e-01 1.100000000000000000e+01 2.100000000000000000e+01
9.509410858154296875e-01 1.000000000000000000e+00 1.300000000000000000e+01
9.508726596832275391e-01 1.500000000000000000e+01 2.000000000000000000e+01
9.507613182067871094e-01 8.000000000000000000e+00 1.500000000000000000e+01
9.507321119308471680e-01 1.200000000000000000e+01 1.400000000000000000e+01
9.497691392898559570e-01 5.000000000000000000e+00 7.000000000000000000e+00
9.496826529502868652e-01 1.100000000000000000e+01 2.200000000000000000e+01
9.494553208351135254e-01 1.000000000000000000e+00 9.000000000000000000e+00
9.489105343818664551e-01 7.000000000000000000e+00 1.500000000000000000e+01
9.487870335578918457e-01 2.500000000000000000e+01 6.000000000000000000e+00
9.486446380615234375e-01 2.400000000000000000e+01 1.100000000000000000e+01
9.483377933502197266e-01 5.000000000000000000e+00 2.200000000000000000e+01
9.481970071792602539e-01 9.000000000000000000e+00 1.600000000000000000e+01
9.481179714202880859e-01 1.500000000000000000e+01 2.300000000000000000e+01
9.480068087577819824e-01 5.000000000000000000e+00 1.400000000000000000e+01
9.479626417160034180e-01 5.000000000000000000e+00 1.800000000000000000e+01
9.476261138916015625e-01 1.600000000000000000e+01 2.300000000000000000e+01
9.471360445022583008e-01 1.000000000000000000e+01 1.900000000000000000e+01
9.469991326332092285e-01 5.000000000000000000e+00 2.000000000000000000e+01
9.467090368270874023e-01 1.600000000000000000e+01 1.800000000000000000e+01
9.466191530227661133e-01 8.000000000000000000e+00 1.900000000000000000e+01
9.463828802108764648e-01 4.000000000000000000e+00 1.100000000000000000e+01
9.462993144989013672e-01 1.900000000000000000e+01 2.200000000000000000e+01
9.461064934730529785e-01 1.000000000000000000e+00 6.000000000000000000e+00
9.460520744323730469e-01 2.300000000000000000e+01 2.500000000000000000e+01
9.458429813385009766e-01 4.000000000000000000e+00 1.900000000000000000e+01
9.455359578132629395e-01 7.000000000000000000e+00 1.100000000000000000e+01
9.452054500579833984e-01 1.400000000000000000e+01 1.600000000000000000e+01
9.451823234558105469e-01 1.100000000000000000e+01 2.000000000000000000e+01
9.451058506965637207e-01 9.000000000000000000e+00 1.500000000000000000e+01
9.450154900550842285e-01 5.000000000000000000e+00 1.300000000000000000e+01
9.448541998863220215e-01 1.900000000000000000e+01 2.100000000000000000e+01
9.446547627449035645e-01 1.300000000000000000e+01 1.500000000000000000e+01
9.438303112983703613e-01 2.500000000000000000e+01 1.800000000000000000e+01
9.436838626861572266e-01 1.500000000000000000e+01 1.800000000000000000e+01
9.435606598854064941e-01 1.000000000000000000e+00 2.300000000000000000e+01
9.433930516242980957e-01 1.000000000000000000e+00 1.800000000000000000e+01
9.433789253234863281e-01 2.500000000000000000e+01 9.000000000000000000e+00
9.432644844055175781e-01 1.000000000000000000e+00 1.700000000000000000e+01
9.432491064071655273e-01 1.100000000000000000e+01 1.300000000000000000e+01
9.427754282951354980e-01 1.900000000000000000e+01 2.400000000000000000e+01
9.422478675842285156e-01 2.500000000000000000e+01 1.400000000000000000e+01
9.422045946121215820e-01 1.400000000000000000e+01 1.500000000000000000e+01
9.420729875564575195e-01 1.000000000000000000e+00 1.400000000000000000e+01
9.411714076995849609e-01 1.600000000000000000e+01 1.700000000000000000e+01
9.405133724212646484e-01 6.000000000000000000e+00 1.500000000000000000e+01
9.401290416717529297e-01 6.000000000000000000e+00 1.100000000000000000e+01
9.398179054260253906e-01 1.500000000000000000e+01 1.700000000000000000e+01
9.396362304687500000e-01 1.900000000000000000e+01 2.000000000000000000e+01
9.391133785247802734e-01 7.000000000000000000e+00 1.900000000000000000e+01
9.385135173797607422e-01 9.000000000000000000e+00 1.100000000000000000e+01
9.383546113967895508e-01 5.000000000000000000e+00 6.000000000000000000e+00
9.381743669509887695e-01 1.700000000000000000e+01 2.500000000000000000e+01
9.366221427917480469e-01 1.300000000000000000e+01 1.900000000000000000e+01
9.335507154464721680e-01 6.000000000000000000e+00 1.900000000000000000e+01
9.334623813629150391e-01 1.100000000000000000e+01 2.300000000000000000e+01
9.333486557006835938e-01 1.100000000000000000e+01 1.800000000000000000e+01
9.325820803642272949e-01 1.100000000000000000e+01 1.400000000000000000e+01
9.320018887519836426e-01 9.000000000000000000e+00 1.900000000000000000e+01
9.312550425529479980e-01 1.100000000000000000e+01 1.700000000000000000e+01
9.282271265983581543e-01 1.800000000000000000e+01 1.900000000000000000e+01
9.281400442123413086e-01 1.900000000000000000e+01 2.300000000000000000e+01
9.277566075325012207e-01 1.400000000000000000e+01 1.900000000000000000e+01
9.251680374145507812e-01 1.700000000000000000e+01 1.900000000000000000e+01
